   0.00000000000000   0.00000000000000   1.00000000000000
   0.89442759045455                  0   0.44721279658980
   0.27639332568829   0.85065118825597   0.44721279658980
  -0.72360712091557   0.52573134691268   0.44721279658980
  -0.72360712091557  -0.52573134691268   0.44721279658980
   0.27639332568829  -0.85065118825597   0.44721279658980
   0.52573149202335                  0   0.85065057355820
   0.16245996551331   0.50000036131038   0.85065057355820
  -0.42532571152499   0.30901721767704   0.85065057355820
  -0.42532571152499  -0.30901721767704   0.85065057355820
   0.16245996551331  -0.50000036131038   0.85065057355820
   0.68819151261574   0.50000040132767   0.52573000735722
   0.68819151261574  -0.50000040132767   0.52573000735722
   0.95105651629515   0.30901699437495                  0
   0.95105651629515  -0.30901699437495                  0
  -0.26286576705001   0.80901764373676   0.52573000735722
   0.58778525229247   0.80901699437495                  0
   0.00000000000000   1.00000000000000                  0
  -0.85065149113146   0.00000000000000   0.52573000735722
  -0.26286576705001  -0.80901764373676   0.52573000735722
   0.58778525229247  -0.80901699437495                  0
   0.27326590426592                  0   0.96193853523275
   0.08444380840141   0.25989131893339   0.96193853523275
  -0.22107676053437   0.16062166848187   0.96193853523275
  -0.22107676053437  -0.16062166848187   0.96193853523275
   0.08444380840141  -0.25989131893339   0.96193853523275
   0.73817517956038                  0   0.67460907515464
   0.82261950407328   0.25989192435244   0.50572061375291
   0.82261950407328  -0.25989192435244   0.50572061375291
   0.95925266023276   0.16062194701427   0.23245413305362
   0.95925181920507  -0.16062696964725   0.23245413305362
   0.22810867530994   0.70204631468824   0.67460907515464
   0.50137531485081   0.70204661845467   0.50572061375291
   0.00703149847506   0.86266866110609   0.50572061375291
   0.44918592327923   0.86266858199083   0.23245413305362
   0.14366482454337   0.96193840458483   0.23245413305362
  -0.59719626509012   0.43388848415394   0.67460907515464
  -0.51275251837530   0.69378059624435   0.50572061375291
  -0.81827379902385   0.27326662924049   0.50572061375291
  -0.68163685974290   0.69378402076304   0.23245413305362
  -0.87046518750107   0.43388412436389   0.23245413305362
  -0.59719626509012  -0.43388848415394   0.67460907515464
  -0.81827379902385  -0.27326662924049   0.50572061375291
  -0.51275251837530  -0.69378059624435   0.50572061375291
  -0.87046518750107  -0.43388412436389   0.23245413305362
  -0.68163685974290  -0.69378402076304   0.23245413305362
   0.22810867530993  -0.70204631468824   0.67460907515464
   0.50137531485081  -0.70204661845467   0.50572061375291
   0.00703149847506  -0.86266866110609   0.50572061375291
   0.14365978784369  -0.96193915679891   0.23245413305362
   0.44919044019521  -0.86266623004701   0.23245413305362
   0.36180401547522   0.26286600404586   0.89442680991961
   0.36180401547522  -0.26286600404586   0.89442680991961
   0.63819734935947   0.26286615661477   0.72360591966700
   0.63819826693156  -0.26286392888416   0.72360591966700
  -0.13819683664534   0.42532612903306   0.89442680991961
   0.44721439787906   0.52573163815063   0.72360591966700
  -0.05278674444482   0.68819185743061   0.72360591966700
  -0.44721435765976   0.00000000000000   0.89442680991961
  -0.36180570297051   0.58778491501644   0.72360591966700
  -0.67082078448604   0.16246214366553   0.72360591966700
  -0.13819683664534  -0.42532612903306   0.89442680991961
  -0.67082078448604  -0.16246214366553   0.72360591966700
  -0.36180570297051  -0.58778491501644   0.72360591966700
   0.44721256272672  -0.52573319922016   0.72360591966700
  -0.05278434220174  -0.68819204168691   0.72360591966700
   0.86180363528549   0.42532554793076   0.27639224389643
   0.67082060302369   0.68819114065268   0.27639224389643
   0.86180140827432  -0.42533006031821   0.27639224389643
   0.67082420637488  -0.68818762823478   0.27639224389643
   0.99999999999999   0.00000010967597                  0
   0.80901699437495   0.58778525229247                  0
   0.80901699437495  -0.58778525229247                  0
  -0.13819666478903   0.95105678555756   0.27639224389643
  -0.44720924825847   0.85065340520449   0.27639224389643
   0.30901699437495   0.95105651629515                  0
  -0.94721472188190   0.16245491117257   0.27639224389643
  -0.94721472188190  -0.16245491117257   0.27639224389643
  -0.44720924825847  -0.85065340520449   0.27639224389643
  -0.13820164450882  -0.95105606194848   0.27639224389643
   0.30901699437495  -0.95105651629515                  0
