6.146433949470520000e-001 6.146433949470520000e-001 5.644791126251220700e-001
1.255874931812286400e-001 3.357027769088745100e-001 2.621756792068481400e-001
1.910518407821655300e-001 1.967156529426574700e-001 2.341276854276657100e-001
4.333909451961517300e-001 2.627582848072052000e-001 2.692469656467437700e-001
7.560479640960693400e-002 2.481639534235000600e-001 2.615936994552612300e-001
5.611451864242553700e-001 3.450415730476379400e-001 2.689437568187713600e-001
3.555116355419158900e-001 4.618947207927703900e-001 4.123265743255615200e-001
4.107531607151031500e-001 4.070543348789215100e-001 3.994924128055572500e-001
5.447740554809570300e-001 4.553306698799133300e-001 4.169906079769134500e-001
2.984759807586669900e-001 4.236452877521514900e-001 4.055234491825103800e-001
5.955410599708557100e-001 4.572492241859436000e-001 4.097606241703033400e-001
9.239687770605087300e-002 2.652372121810913100e-001 2.749022245407104500e-001
4.480804800987243700e-001 2.832725942134857200e-001 2.844754159450531000e-001
4.874039068818092300e-002 3.137929737567901600e-001 2.133416384458541900e-001
1.880923211574554400e-001 2.311094552278518700e-001 2.494437247514724700e-001
5.659561157226562500e-001 3.535344600677490200e-001 2.817552387714386000e-001
6.739407777786254900e-002 1.355628818273544300e-001 2.289110869169235200e-001
3.175024986267089800e-001 2.492361068725585900e-001 2.087156325578689600e-001
1.462027132511138900e-001 3.467536568641662600e-001 2.771041393280029300e-001
2.136730998754501300e-001 2.179652154445648200e-001 2.511692047119140600e-001
5.971412658691406300e-001 2.876487672328949000e-001 2.383561134338378900e-001
5.301463603973388700e-001 5.636605024337768600e-001 5.157743096351623500e-001
5.512542724609375000e-001 5.487642288208007800e-001 5.114576220512390100e-001
5.948995947837829600e-001 5.664713382720947300e-001 5.170528888702392600e-001
5.057795047760009800e-001 5.520522594451904300e-001 5.126554369926452600e-001
6.093891859054565400e-001 5.605049133300781300e-001 5.143355727195739700e-001
2.085880488157272300e-001 3.803263902664184600e-001 3.198067843914032000e-001
9.390500187873840300e-002 3.400891423225402800e-001 2.618281245231628400e-001
2.507122457027435300e-001 2.910295724868774400e-001 2.858606874942779500e-001
6.819356232881546000e-002 3.344946503639221200e-001 2.251048833131790200e-001
1.384558975696563700e-001 2.787493169307708700e-001 2.514351904392242400e-001
2.774960696697235100e-001 2.780577540397644000e-001 2.987453341484069800e-001
1.202023997902870200e-001 1.979687511920929000e-001 2.652704417705535900e-001
3.708445727825164800e-001 2.874028682708740200e-001 2.541165649890899700e-001
1.034884378314018200e-001 1.424138545989990200e-001 2.199970632791519200e-001
2.332296818494796800e-001 2.063267529010772700e-001 2.056167870759964000e-001
4.844954907894134500e-001 3.418920636177063000e-001 3.270857632160186800e-001
5.994935035705566400e-001 3.258452415466308600e-001 2.802569568157196000e-001
2.588507831096649200e-001 2.885973453521728500e-001 2.859745919704437300e-001
5.256739258766174300e-001 2.561261057853698700e-001 2.414442896842956500e-001
2.873301804065704300e-001 2.208375930786132800e-001 2.516083717346191400e-001
1.472847312688827500e-001 3.142343461513519300e-001 3.144878745079040500e-001
9.269037842750549300e-002 3.373716771602630600e-001 2.619015872478485100e-001
1.173474490642547600e-001 1.986537873744964600e-001 2.662663161754608200e-001
5.063265189528465300e-002 2.771902680397033700e-001 2.293639332056045500e-001
6.000520661473274200e-002 1.721777617931366000e-001 2.438766360282897900e-001
5.775797963142395000e-001 3.815130293369293200e-001 3.203178942203521700e-001
6.034945845603942900e-001 3.287541270256042500e-001 2.806673347949981700e-001
3.812884092330932600e-001 2.919207811355590800e-001 2.553593218326568600e-001
4.394154846668243400e-001 3.033781647682189900e-001 2.343734651803970300e-001
6.117060780525207500e-001 3.259597420692443800e-001 2.514120340347290000e-001
3.645288944244384800e-001 4.663192331790924100e-001 4.411328732967376700e-001
5.632433295249939000e-001 4.912973940372467000e-001 4.507173299789428700e-001
1.782488226890564000e-001 3.773967921733856200e-001 3.327653706073761000e-001
3.846735060214996300e-001 3.688896000385284400e-001 3.475674688816070600e-001
6.007503271102905300e-001 4.902881979942321800e-001 4.447426795959472700e-001
2.009908258914947500e-001 3.029155433177948000e-001 3.309052884578704800e-001
4.858989417552948000e-001 3.687930107116699200e-001 3.288858234882354700e-001
4.135943353176116900e-001 4.952468276023864700e-001 4.472945928573608400e-001
6.139915585517883300e-001 3.954885601997375500e-001 3.441126346588134800e-001
3.177527785301208500e-001 3.795042335987091100e-001 3.460524082183837900e-001
4.591672420501709000e-001 4.549002647399902300e-001 4.373061656951904300e-001
1.927615851163864100e-001 3.942363262176513700e-001 3.337545692920684800e-001
2.318851202726364100e-001 2.939016222953796400e-001 3.264713585376739500e-001
5.900185108184814500e-001 3.842356801033020000e-001 3.449575901031494100e-001
4.115047156810760500e-001 3.422707319259643600e-001 3.225952386856079100e-001
5.316818132996559100e-002 2.812179028987884500e-001 2.326274961233139000e-001
6.374055892229080200e-002 1.759072244167327900e-001 2.463767677545547500e-001
2.895937263965606700e-001 2.264355719089508100e-001 2.549496591091156000e-001
5.300493836402893100e-001 2.614239454269409200e-001 2.452011108398437500e-001
8.435126394033432000e-002 3.134391605854034400e-001 2.301267832517623900e-001
4.474065825343132000e-002 2.115412056446075400e-001 2.340877652168273900e-001
3.971066176891326900e-001 2.126530259847641000e-001 2.352349162101745600e-001
4.400683641433715800e-001 3.045180439949035600e-001 2.370375990867614700e-001
6.122614741325378400e-001 3.274019956588745100e-001 2.543711364269256600e-001
1.425045430660247800e-001 1.518119871616363500e-001 1.966916769742965700e-001
1.448054313659668000e-001 2.813678383827209500e-001 2.545674145221710200e-001
7.135550677776336700e-002 3.360456824302673300e-001 2.287770062685012800e-001
1.070058569312095600e-001 1.470921635627746600e-001 2.238233536481857300e-001
2.409578859806060800e-001 2.116670608520507800e-001 2.095022201538085900e-001
5.483530163764953600e-001 3.291895091533660900e-001 2.428557723760604900e-001
